hero_left_1: .word 32, 32
.byte 199,199,199,199,199,199,199,199,199,199,199,199,199,199,199,199,199,199,199,199,199,199,199,199,199,199,199,199,199,199,199,199,
199,199,199,199,199,199,199,199,199,199,199,199,199,199,199,199,199,199,199,199,199,199,199,199,199,199,199,199,199,199,199,199,
199,199,199,199,199,199,199,199,82,82,82,82,82,82,82,82,82,82,82,82,82,82,82,199,199,199,199,199,199,199,199,199,
199,199,199,199,199,199,82,82,173,246,246,246,246,246,246,246,246,246,246,246,246,173,173,82,199,199,199,199,199,199,199,199,
199,199,199,199,199,199,82,82,173,246,246,246,246,246,246,246,246,246,246,246,246,173,173,82,199,199,199,199,199,199,199,199,
199,199,199,199,199,199,82,82,246,246,246,246,246,246,246,246,246,246,246,246,246,246,246,82,199,199,199,199,199,199,199,199,
199,199,199,199,82,82,173,173,246,246,246,246,246,246,246,246,246,246,246,246,246,246,246,173,0,0,199,199,199,199,199,199,
199,199,199,199,82,82,173,173,246,246,246,246,246,246,246,246,246,246,246,246,246,246,246,173,0,0,199,199,199,199,199,199,
199,199,82,82,246,246,173,173,173,246,246,246,246,246,246,246,246,246,246,246,246,173,173,173,173,173,0,0,199,199,199,199,
199,199,82,82,246,246,173,173,173,246,246,246,246,246,246,246,246,246,246,246,246,173,173,173,173,173,0,0,199,199,199,199,
199,199,82,82,246,246,173,173,85,173,173,173,173,173,173,173,173,173,173,173,173,85,85,173,173,173,0,0,199,199,199,199,
199,199,82,82,246,246,173,173,173,85,85,85,85,85,85,85,85,85,85,85,85,173,173,173,0,0,83,83,0,0,199,199,
199,199,82,82,246,246,173,173,173,85,85,85,85,85,85,85,85,85,85,85,85,173,173,173,0,0,83,83,0,0,199,199,
199,199,199,199,82,82,173,173,173,173,173,173,173,173,173,173,173,173,173,173,173,173,173,82,83,83,0,0,0,0,199,199,
199,199,199,199,83,83,82,82,82,82,82,82,82,82,82,82,82,82,82,82,82,82,82,83,83,83,93,93,0,0,199,199,
199,199,199,199,83,83,82,82,82,82,82,82,82,82,82,82,82,82,82,82,82,82,82,83,83,83,93,93,0,0,199,199,
199,199,199,199,83,83,102,102,102,0,0,102,102,83,83,83,83,83,83,83,83,83,83,83,83,83,0,0,199,199,199,199,
199,199,199,199,83,83,102,102,102,0,0,102,102,83,83,83,83,83,83,83,83,83,83,83,83,83,0,0,199,199,199,199,
199,199,199,199,199,199,83,83,175,83,83,175,175,83,83,93,93,11,11,93,93,93,93,83,83,83,0,0,199,199,199,199,
199,199,199,199,199,199,199,199,83,102,102,102,102,0,0,83,83,0,0,83,83,83,83,83,83,83,0,0,199,199,199,199,
199,199,199,199,199,199,199,199,83,102,102,102,102,0,0,83,83,0,0,83,83,83,83,83,83,83,0,0,199,199,199,199,
199,199,199,199,199,199,199,199,101,82,82,82,82,0,0,83,83,0,0,83,83,83,83,83,83,83,0,0,199,199,199,199,
199,199,199,199,199,199,199,199,82,163,163,82,82,175,175,0,0,83,83,83,83,83,83,83,0,0,199,199,199,199,199,199,
199,199,199,199,199,199,199,199,82,163,163,82,82,175,175,0,0,83,83,83,83,83,83,83,0,0,199,199,199,199,199,199,
199,199,199,199,199,199,199,199,11,119,119,11,11,175,175,175,175,0,0,0,0,0,0,0,199,199,199,199,199,199,199,199,
199,199,199,199,199,199,199,199,11,119,119,11,11,175,175,175,175,0,0,0,0,0,0,0,199,199,199,199,199,199,199,199,
199,199,199,199,199,199,199,199,11,101,101,11,11,102,102,102,102,83,83,0,0,199,199,199,199,199,199,199,199,199,199,199,
199,199,199,199,199,199,199,199,199,101,101,101,101,83,83,83,83,101,101,0,0,199,199,199,199,199,199,199,199,199,199,199,
199,199,199,199,199,199,199,199,199,101,101,101,101,83,83,83,83,101,101,0,0,199,199,199,199,199,199,199,199,199,199,199,
199,199,199,199,199,199,199,199,199,0,0,173,173,85,85,173,173,0,0,199,199,199,199,199,199,199,199,199,199,199,199,199,
199,199,199,199,199,199,199,199,199,199,199,0,0,0,0,0,0,199,199,199,199,199,199,199,199,199,199,199,199,199,199,199,
199,199,199,199,199,199,199,199,199,199,199,0,0,0,0,0,0,199,199,199,199,199,199,199,199,199,199,199,199,199,199,199,


